chr3L	5163349	5163698	5.65e-68	4467.85719169626
chr2L	2807900	2808224	1.02e-30	1992.58547388848
chr2R	1590427	1590624	1.19e-15	991.559196995544
chr3L	26122	26219	2.54e-08	504.611925242029
chr2L	2722581	2722697	3.67e-10	626.870017716103
chr3R	30781865	30782186	1.24e-34	2252.70430211116
chr3R	10527687	10527882	1.27e-15	989.68185852626
chr2L	2714091	2714311	1.15e-15	992.545751242816
chr3L	22191	22440	6.81e-18	1140.5410181947
chr3L	32858	33202	1.64e-16	1048.74307406709
chr3R	30359067	30359520	1.69e-14	914.999401638312
chr3R	30052093	30052356	1.77e-20	1312.29625074878
chr2R	11202340	11202719	1.53e-18	1183.62348110109
chr3L	25358	25446	6.82e-06	343.235936601495
chr2R	1211472	1211625	2.03e-07	444.640338736022
chr2R	21056815	21056976	7.16e-10	607.586427227682
chr3L	648050	648179	2.98e-06	367.125124772735
chr2R	11197227	11197552	6.63e-14	875.559689161704
chr2R	20189955	20190084	6.02e-05	280.397539749037
chr3R	23211728	23211950	2.05e-10	643.673140782858
chr2L	7313364	7313512	9.1e-06	334.914040480257
chr3L	26597	27180	3.11e-08	498.77020357486
chrX	22444105	22444206	4.28e-05	290.240593556208
chr3L	520722	520917	1.66e-06	384.007706555039
chr2L	10039170	10039526	5.12e-10	617.262742772967
chr3R	16791560	16791755	9.87e-06	332.57036969285
chr2L	6124843	6124941	0.000196	246.337174504179
chr2R	17394687	17394935	3.01e-07	433.274663544531
chr3R	16385646	16385960	1.96e-08	512.091422095168
chr3R	16695612	16695839	7.18e-07	408.190256403264
chr2L	4958289	4958383	0.000195	246.484765111491
chr2R	8270866	8271039	1.64e-05	317.918893191869
chr2R	1440964	1441261	5.59e-08	481.851529520609
chrX	4600053	4600320	9.05e-10	600.827263133556
chr2R	11969364	11969453	0.00542	150.549828661659
chr3R	10571265	10571602	3.02e-10	632.494647986465
chr2L	23065287	23065432	0.000367	228.238646329619
chr2R	9978839	9979352	6.81e-14	874.786770603715
chr3R	30270382	30270690	2.97e-09	566.537798459204
chr3L	180070	180374	9.79e-09	532.120879883146
chr3R	31168580	31168718	6.01e-06	346.884071567754
chr2R	22013449	22013701	3.01e-05	300.397539749037
chrX	687673	687891	0.00015	254.054997576566
chr3L	14580295	14580712	3.31e-17	1094.91892792105
chr3L	6845635	6845988	3.03e-10	632.399263103508
chr3R	30789378	30789547	1.15e-08	527.475817958585
chr3R	15993150	15993485	1.82e-08	514.229726173499
chr2L	12574932	12575315	2.61e-07	437.388937148328
chr3L	5476600	5476856	3.82e-07	426.39848051901
chr2L	4154730	4154955	2.66e-06	370.402846471954
chr3L	1996928	1997013	0.00146	188.396318311136
chrX	20623558	20623805	6.81e-07	409.716837319484
chr3R	16748960	16749157	6.62e-05	277.656185148086
chr3L	1987817	1987972	0.000217	243.400346737594
chr2R	20262790	20262971	6.15e-10	611.973890768435
chr3L	9908415	9908665	7.87e-09	538.41978436507
chr3L	21779	21939	3.96e-08	491.79848657588
chr2L	9581668	9581941	2.85e-07	434.850694898683
chr3R	11117090	11117554	3.3e-07	430.620612794809
chrX	20125855	20126005	6.02e-05	280.397539749037
chr3R	19621039	19621188	0.000329	231.392495911779
chr2L	21330941	21331089	0.000341	230.358812806
chr3R	20234306	20234484	0.00113	195.789230240432
chrX	16723446	16723782	1.05e-09	596.539270521897
chr3R	30284271	30284613	1.17e-08	526.978324585804
chr3R	26404818	26405123	2.84e-05	302.074990894137
chr3R	9593640	9593738	0.000392	226.337174504179
chr3R	6634174	6634320	0.00207	178.32307033875
chr2R	20382025	20382668	5.65e-11	680.859163524663
chr2L	5045299	5045477	4.5e-06	355.232871357637
chrX	21057985	21058095	1.46e-05	321.27344210663
chrX	20693884	20694447	9.93e-13	797.465430315641
chr3R	7936881	7937166	6.48e-06	344.711495124285
chr3L	4618921	4619210	7.7e-05	273.295640572585
chr2L	9421492	9421645	0.000207	244.761632236497
chrX	2774901	2774994	0.00146	188.396318311136
chr2R	21017697	21017865	5.22e-06	350.95037525058
chr3R	4865196	4865438	6.67e-06	343.877636158286
chr3L	16976177	16976350	2.22e-05	309.181615957229
chr3R	28981176	28981361	0.000105	264.346461033161
chr3R	16734449	16734750	0.000116	261.471751483932
chrX	9223263	9223420	0.000734	208.238646329619
chr3R	19808430	19808540	0.00136	190.443552663729
chrX	7319446	7319603	0.0122	127.139500839731
chr2R	25114358	25114550	6.26e-06	345.708118243326
chr3R	26996761	26997028	6.21e-05	279.500944119821
chr3L	5523039	5523345	0.000152	253.672821117612
chr3L	25670976	25671080	0.000858	203.734694636493
chrX	2414026	2414149	0.0129	125.529702482524
chr3L	20832122	20832536	1.5e-09	586.247807065302
chr3R	30312840	30313086	1.79e-05	315.393617738946
chr2R	19263528	19263977	2.7e-05	303.533621343214
chrX	18835153	18835338	4.84e-05	286.692668538739
chrX	19840938	19841060	0.005	152.877123795494
chr3R	10432074	10433074	9.25e-12	733.073675460388
chr4	385210	385693	2.05e-10	643.673140782858
chr3R	12936654	12936909	3.01e-07	433.274663544531
chr2L	19895936	19896177	7.79e-06	339.398904820745
chr2L	7767431	7767670	8.51e-06	336.848188748259
chr3L	6998742	6998953	2.23e-05	309.051935285825
chr2L	13947531	13947764	0.000123	259.781081279699
chr3R	30484730	30485024	0.000171	250.274321088766
chr3R	30592058	30592196	0.000232	241.471751483932
chrX	2092375	2092525	0.000257	238.518880402606
chr3L	6263003	6263191	0.000362	228.634453644819
chrX	11648472	11648597	0.000441	222.938674475333
chr3R	12018830	12018987	0.00196	179.898612606432
chrX	20112546	20112744	0.00204	178.744302649306
chr3L	2835947	2836157	0.00247	173.225464857043
chr3L	16974879	16975000	0.0039	160.046203213744
chrX	8361906	8361998	0.0046	155.283008469849
chr3R	12927579	12927728	0.0047	154.662470557436
chr3R	30195542	30195923	3.03e-10	632.399263103508
chr2L	6011147	6011411	1.53e-06	386.360738328125
chr3R	6981962	6982138	2.58e-06	371.283950073513
chrX	2072315	2072579	6.18e-05	279.640672726143
chrX	14407608	14407761	0.000387	226.707576263595
chr3R	19104438	19104625	0.000452	222.22779213818
chr3L	2200035	2200263	0.000585	214.785515097068
chr2R	11998588	11998713	0.000659	211.348678286322
chrX	16816768	16816886	0.000719	208.834412177698
chr3R	19568931	19569079	0.00207	178.32307033875
chr2R	23884800	23884898	0.00425	157.566428868235
chr3R	7375033	7375178	0.00756	140.947961004315
chr2L	12065970	12066163	0.00808	139.0285798337
chr3R	18094627	18095103	3.74e-07	427.009167881972
chr3L	9573659	9574240	8.33e-07	403.903603372414
chrX	2685391	2685673	2.37e-06	373.733630204013
chr3R	29935845	29936017	4.12e-06	357.778484638314
chr3R	7668614	7668978	9.5e-06	333.672821117612
chr3L	11125894	11125978	1.2e-05	326.93212137206
chrX	22581854	22582109	0.000269	237.202124135351
chr2R	6758897	6759035	5e-04	219.315685693242
chr2L	9829957	9830385	5.41e-09	549.234485198683
chr3R	18448767	18449054	7.79e-06	339.398904820745
chr3R	10364408	10364592	2.78e-05	302.691111829761
chr3R	30339586	30339729	3.44e-05	296.544638190189
chr3R	6791029	6791208	6.38e-05	278.721681008933
chr2L	6236336	6236658	0.000183	248.317374620803
chr2L	6271392	6271552	0.00186	181.409633266576
chr2L	10672931	10673081	0.00392	159.898612606432
chr3L	841342	841453	0.00566	149.299644632099
chr2L	16042575	16042703	0.00844	137.770825714593
chr3L	1681435	1681607	0.0123	126.903957484204
chrX	5965579	5965935	5.04e-08	484.840020507474
chr3R	16476932	16477419	1.65e-07	450.620612794809
chr3L	18078365	18078527	2.99e-07	433.467023595763
chr2R	11145056	11145305	2.23e-06	375.490497183572
chr2L	9420680	9420886	4.7e-06	353.978156250678
chr2R	20546085	20546417	4.92e-06	352.658205075193
chr3L	22613384	22613599	0.000171	250.274321088766
chr3L	13593435	13593728	0.000283	235.738206529846
chr3R	566841	566995	0.00191	180.644232928021
chr2L	3386982	3387214	0.00225	175.917185664396
chr3L	12942516	12942814	0.00499	152.934889381991
chr2L	7420901	7421183	3.64e-08	494.229726173499
chr2R	23716019	23716291	5.95e-06	347.173578018072
chr3R	8705432	8705813	7.32e-06	341.194498416297
chr3R	31031979	31032215	5.15e-05	284.901360842819
chrX	6071386	6071632	0.000232	241.471751483932
chr3R	18634920	18635222	0.000404	225.467141731448
chr3R	30699067	30699267	0.000745	207.809439079493
chrX	14715028	14715213	0.0014	189.607149149837
chr3R	21719581	21719830	0.002	179.315685693242
chr2R	5051093	5051203	0.00377	161.024395223363
chr3R	31200405	31200605	0.00582	148.495302630571
chr3R	29716134	29716231	0.00601	147.568385874513
chr3R	13605188	13605292	0.0061	147.139500839731
chr2R	22817867	22817965	0.0245	107.021488810938
chr2L	5577590	5577711	0.0541	84.1645519144527
chrX	6997604	6998060	1.57e-08	518.49320399964
chr3L	11008825	11009028	1.1e-06	395.881300911485
chr2R	18934353	18934821	3.16e-06	365.432880218436
chr3L	9241288	9241523	3.49e-06	362.566830657785
chr2R	20316888	20317055	4.62e-06	354.473514353657
chrX	10265219	10265374	8.51e-06	336.848188748259
chr2R	24313179	24313405	2.8e-05	302.484272945331
chr3R	16983058	16983350	7.46e-05	274.209296879126
chr2R	5693196	5693553	0.000124	259.547445178746
chr3R	31017664	31017895	0.000246	239.781081279699
chr2R	23241792	23242034	0.000319	232.283119111186
chr2L	10539518	10539719	0.000404	225.467141731448
chr2L	7516278	7516584	0.000973	200.105451490861
chr3R	30498141	30498283	0.00188	181.101032455183
chr3R	23212184	23212340	0.00316	166.117194525194
chr3L	7207915	7208082	0.0032	165.754247590989
chr2L	9871760	9871865	0.0083	138.25345896405
chr3R	22626929	22627243	0.0138	123.583758455426
chr3R	13173081	13173603	1.18e-07	460.294196092488
chr2L	2127522	2127848	2.85e-06	368.412133000936
chrX	20354565	20354865	3.01e-05	300.397539749037
chrX	724779	725082	5.7e-05	281.973571103189
chr3R	15030430	15030737	9.85e-05	266.190334997356
chrX	19788840	19789015	0.000281	235.942844982065
chr3R	17298888	17299144	0.000482	220.373584661884
chrX	7166234	7166405	0.000575	215.283008469849
chr3R	20376537	20376739	0.000793	206.007830272404
chr3R	27732268	27732541	0.00118	194.539948501499
chr2L	15636918	15637145	0.00169	184.175220763093
chr3L	17618468	17618572	0.00246	173.342519381951
chr2L	11737074	11737214	0.00251	172.761938409721
chr3R	15875724	15875886	0.00674	144.260713865099
chrX	20244216	20244369	0.0108	130.65649754772
chr2R	17076146	17076261	0.0118	128.101386603752
chrX	11895314	11895395	0.0148	121.56518027841
chr2R	11103163	11103270	0.0253	106.094376097103
chr3R	18371366	18371703	2.55e-08	504.498550240295
chr2R	8082838	8083176	4.49e-07	421.735624384902
chr3R	30330182	30330446	1.62e-06	384.711495124285
chr2L	9984474	9984719	2.48e-06	372.424568974241
chr3L	12791060	12791252	2.19e-05	309.574192092207
chr2L	34745	35064	5.99e-05	280.541689428455
chr2R	15246886	15247157	0.000224	242.484272945331
chr3L	3449573	3449796	0.00024	240.493559474313
chr2L	9626855	9627182	0.000257	238.518880402606
chr2R	13389442	13389690	0.000643	212.057872839925
chr2L	14838537	14838761	0.000756	207.386522902062
chr3L	11906024	11906168	0.000856	203.802031658461
chr2L	11780309	11780525	0.0012	194.054997576566
chr3R	19628157	19628261	0.00186	181.409633266576
chr3R	28946481	28946640	0.00334	164.518723639255
chrX	19149628	19149805	0.00507	152.475970748669
chrX	2687372	2687519	0.00525	151.469337237667
chr2R	18062046	18062206	0.00704	143.00417711599
chr3R	13820669	13820789	0.00999	132.905992132888
chrX	17338252	17338347	0.0142	122.759305200895
chr3L	8902433	8902523	0.0145	122.15606579069
chrX	17487298	17487474	0.0148	121.56518027841
chrX	12006182	12006290	0.0189	114.509399106568
chr2R	17127942	17128216	2.05e-05	311.480331294122
chr3L	2964849	2965223	2.28e-05	308.412133000936
chr2L	20507735	20508082	5.15e-05	284.901360842819
chrX	18832498	18832711	0.000134	257.309587577328
chrX	2354814	2355078	0.000205	245.041769396375
chr3L	21381871	21382059	0.00168	184.346461033161
chr2L	18996035	18996261	0.00197	179.751773099609
chr4	418838	419014	0.00222	176.304492161734
chrX	2354219	2354441	0.00299	167.712776004774
chr2L	6271635	6271806	0.00725	142.15606579069
chr2L	8610538	8610735	0.00951	134.326778871525
chr3R	8518052	8518196	0.00995	133.021755180116
chr2R	23316575	23316680	0.0118	128.101386603752
chr3R	15877877	15877999	0.0136	124.004990765982
chrX	1711022	1711135	0.0143	122.556820855421
chrX	3522999	3523085	0.0374	94.8163583932362
chr2R	10658205	10658407	0.0718	75.997446914528
chr3L	39996	40777	7.39e-07	407.358445996802
chr2L	23315071	23315367	4.63e-06	354.411127516773
chr3R	8506516	8506831	2.56e-05	305.069933284231
chr3R	4251363	4251533	0.000148	254.442304073904
chr3R	30599651	30600017	0.000164	251.480331294122
chr3L	9763662	9763981	0.000227	242.100401640665
chr3R	32071393	32071612	0.000405	225.395809431044
chrX	19322436	19322672	0.000455	222.036916684762
chr3R	31462692	31462849	0.000617	213.248837803495
chr3L	13674431	13674600	0.00111	196.304492161734
chrX	1135809	1136048	0.00147	188.199362592009
chrX	2070523	2070706	0.00216	177.095059445467
chr3R	11449933	11450205	0.00239	174.175473329121
chr2L	11712124	11712406	0.00265	171.195838499725
chr3R	29420225	29420391	0.00313	166.392432550084
chrX	3856866	3857033	0.00431	157.161928306954
chrX	21234070	21234322	0.00466	154.909086595651
chrX	9046738	9046904	0.00528	151.304927101567
chr2R	9236228	9236398	0.00647	145.440371448886
chr3R	12039013	12039291	0.0137	123.793605931778
chr3L	24975024	24975111	0.0187	114.816358393236
chr3L	1206804	1206874	0.0315	99.7700872232434
chrX	13471702	13471790	0.0419	91.538118917002
chr3R	16715541	16716000	5.01e-10	617.889406909063
chr2R	11999085	11999487	5.04e-08	484.840020507474
chr3R	21511018	21511286	1.24e-05	325.986007076493
chrX	8569031	8569309	1.73e-05	316.377368731496
chr3R	18518465	18518822	4.38e-05	289.574192092207
chrX	18368640	18368837	4.91e-05	286.278348997937
chr2L	9879624	9880174	9.66e-05	266.752345707515
chrX	10742201	10742357	0.000109	263.267684890945
chr3L	22094458	22094764	0.000213	243.937178981967
chrX	21103371	21103584	0.000242	240.254106640992
chr2R	14624957	14625162	0.000571	215.484432679227
chr3L	19781737	19781942	0.000804	205.610337562905
chr3R	11146878	11147101	0.00167	184.518723639255
chr2R	5416540	5416710	0.0029	168.594627688438
chrX	5801810	5802185	0.00317	166.026028885948
chr2R	22268300	22268397	0.00327	165.129872978775
chr2R	5947456	5947653	0.00392	159.898612606432
chr3R	9028831	9029010	0.00412	158.462798945072
chr2L	6524512	6524656	0.00522	151.634689557339
chr3L	17918190	17918355	0.00523	151.579466763797
chr2L	8945878	8946010	0.00574	148.894670955222
chr3L	13700959	13701290	0.00607	147.281755363623
chr2R	17086031	17086229	0.00756	140.947961004315
chr3L	21415466	21415605	0.0152	120.795697322117
chr2L	12065627	12065723	0.0203	112.447529247285
chr2L	6310292	6310473	0.0223	109.736249592583
chr2R	14810144	14810261	0.0237	107.979382613024
chrX	3390177	3390279	0.0335	97.9939018840863
chrX	4725791	4725914	0.098	67.0214888109376
chr2L	8943167	8943412	1.61e-07	451.328719517433
chr2R	13964417	13964805	2.94e-07	433.953610182998
chr2R	23042890	23043448	3.46e-07	429.254492526991
chr3L	18083931	18084311	3.67e-05	294.677208227366
chr2R	8964317	8964610	5.48e-05	283.10929162502
chr3L	22499732	22499957	8.03e-05	272.084809733884
chr3R	13974984	13975143	0.000185	248.003742176157
chr2L	8266782	8267042	0.00031	233.108883280999
chrX	678608	678863	0.000356	229.116702767156
chr3R	31169033	31169239	0.000518	218.295205632752
chr3R	29552875	29553175	0.000971	200.1648216781
chr2R	17244010	17244311	0.00116	195.033189586185
chr3R	7102886	7103151	0.00164	185.041769396375
chr2L	3606770	3606989	0.00214	177.363469760713
chrX	9078416	9078673	0.00224	176.045711047584
chr2R	13769789	13769958	0.00522	151.634689557339
chr2R	14543549	14543768	0.00782	139.972313542589
chr2R	5773128	5773276	0.00841	137.873569683633
chr2L	10101378	10101514	0.014	123.16858725209
chr2R	6648041	6648148	0.0201	112.73321376741
chr3R	19197670	19197809	0.0297	101.467865174974
chr3L	20053917	20054040	0.0311	100.138832188377
chr2R	15835820	15836185	1.73e-07	449.254492526991
chr3R	21380570	21380848	2.31e-07	440.912076251404
chr2L	7420022	7420347	3.79e-06	360.187414418556
chrX	13574866	13575164	1.82e-05	314.914040480257
chr2L	8257466	8257661	0.000169	250.61378266084
chr3L	18073700	18073980	0.00031	233.108883280999
chr2R	19045866	19046071	0.000404	225.467141731448
chr2R	16377035	16377308	0.000404	225.467141731448
chr3R	30498723	30499090	0.00049	219.898612606432
chr2L	4891772	4892321	0.000585	214.785515097068
chr2R	6822630	6822914	0.00069	210.022320353173
chrX	19321889	19322184	0.000865	203.500244936002
chrX	13436063	13436317	0.001	199.315685693242
chrX	17738994	17739255	0.00137	190.232167829526
chr2R	14219741	14219875	0.00141	189.40178244076
chr3R	28534889	28535177	0.00148	188.003742176157
chr3R	24973232	24973538	0.00214	177.363469760713
chr3L	19665465	19665690	0.00329	164.953934014031
chr2L	3158657	3159008	0.00451	155.853137023629
chr3L	19452840	19453004	0.006	147.616435678819
chr3L	11296572	11296704	0.00672	144.346461033161
chrX	20128971	20129150	0.00782	139.972313542589
chr3L	5336707	5336885	0.00965	133.905106845627
chr3R	24148884	24148997	0.0127	125.980553855546
chr2L	1291063	1291197	0.0132	124.86636520382
chr2R	12548720	12548976	0.0137	123.793605931778
chr2R	12772552	12772696	0.0138	123.583758455426
chr3L	15438551	15438691	0.0149	121.370877181746
chrX	1725876	1726198	0.0155	120.231759485504
chrX	1120888	1121030	0.0163	118.779684506367
chr3L	3786017	3786179	0.0167	118.080161741508
chr3R	11958117	11958220	0.0172	117.228952496947
chr3R	9172211	9172354	0.0174	116.895377674014
chr2R	20542378	20542488	0.019	114.35713542437
chr3R	11705607	11705729	0.0222	109.865930263987
chr2L	9485628	9485745	0.0241	107.49646086639
chr2R	14574616	14574703	0.0273	103.899104772592
chr2R	6270679	6270819	0.0295	101.662824706005
chr2L	6294917	6295051	0.0411	92.0943559173553
chr2L	3384932	3385058	0.0955	67.7671091325268
chr3R	16913524	16913865	3.19e-08	498.037366702175
chr2R	7246502	7246859	4.33e-06	356.344030887444
chr3R	8119736	8120141	2.56e-05	305.069933284231
chr2R	4013972	4014179	3.6e-05	295.232871357637
chrX	17565499	17565747	5.15e-05	284.901360842819
chr3R	17725582	17725915	9.76e-05	266.455186532973
chr2R	20377790	20378204	0.000247	239.66402675479
chr3L	7828090	7828467	0.000291	234.933864528318
chr2R	18304310	18304532	0.000335	230.871025679581
chr2R	7372581	7372802	0.000766	207.007359747984
chr2R	24621381	24621736	0.0012	194.054997576566
chr3R	8334456	8334639	0.00213	177.498617084219
chr3R	28971502	28971683	0.00282	169.40178244076
chr3L	22209770	22209977	0.00386	160.343668743375
chr3R	21720209	21720355	0.0055	150.127053320496
chr4	423458	423590	0.00832	138.184015125914
chr3L	1329678	1329774	0.00905	135.757329849325
chr3L	21992102	21992284	0.0106	131.195838499725
chr3L	20983057	20983306	0.0142	122.759305200895
chr2R	5050899	5050981	0.0145	122.15606579069
chr3R	8981209	8981345	0.0146	121.957756413389
chr3L	18257894	18257972	0.0237	107.979382613024
chr4	1196787	1196976	0.0629	79.8159234534032
chrX	18365995	18366772	1.39e-07	455.568235625255
chrX	20066180	20066497	2.57e-06	371.3960041981
chr2L	9275419	9275768	5.5e-06	349.442739013738
chr2L	8042804	8043029	2.23e-05	309.051935285825
chr3R	12278533	12278712	2.85e-05	301.973571103189
chrX	10209588	10209873	4.4e-05	289.442739013738
chr3R	13356838	13357392	7.57e-05	273.786943484516
chr2L	5705451	5705795	8.54e-05	270.308088091821
chr2R	5676901	5677299	0.000134	257.309587577328
chrX	13087541	13087776	0.000839	204.380831377687
chr2R	20541641	20541827	0.000924	201.596390558162
chrX	9692789	9692902	0.00121	193.815544743244
chr3R	10904475	10904764	0.00137	190.232167829526
chr3R	18164107	18164207	0.00164	185.041769396375
chr2L	9797236	9797439	0.00186	181.409633266576
chrX	7781836	7782107	0.00221	176.434758300908
chr2L	8886151	8886407	0.00252	172.647211018738
chr3R	25723755	25723932	0.00256	172.192809488736
chr3L	16477250	16477620	0.00299	167.712776004774
chr2R	24623871	24624064	0.00425	157.566428868235
chr4	695298	695450	0.00506	152.53293799485
chr3R	30663783	30663916	0.00844	137.770825714593
chr3R	11449512	11449696	0.00876	136.697068296713
chr2R	6860276	6860418	0.00907	135.693634678166
chr2R	11536026	11536336	0.0106	131.195838499725
chr2R	17208008	17208145	0.0127	125.980553855546
chr2L	4116143	4116259	0.018	115.917185664396
chr2R	12839421	12839600	0.0288	102.355747562143
chr2L	11633536	11633635	0.0399	92.9493488665421
chr3L	7726761	7726860	0.0405	92.5186856355492
chr3L	14553149	14553324	0.0573	82.5064210158509
chr2L	23174694	23174782	0.074	75.1266183806627
chrX	2071782	2072200	1.48e-06	387.319427869399
chrX	20687152	20687791	2.71e-06	369.865514354901
chr3R	25710611	25711209	2.28e-05	308.412133000936
chr2L	2713531	2713898	2.94e-05	301.076486387503
chr2L	3129799	3130215	0.000207	244.761632236497
chr3R	16151368	16151551	0.000299	234.151337902521
chr3R	11303714	11303985	0.000522	218.073251455086
chrX	12057722	12058082	8e-04	205.754247590989
chr3L	5249166	5249412	0.000804	205.610337562905
chr3L	14872159	14872617	0.00101	199.0285798337
chrX	5679271	5679556	0.00102	198.744302649306
chrX	9908086	9908438	0.00118	194.539948501499
chr2L	8534496	8534825	0.00126	192.647211018738
chrX	14730936	14731258	0.00182	182.036916684762
chrX	22696478	22696817	0.00194	180.194552644994
chr3L	7027597	7027800	0.00201	179.171775665158
chr2L	3789740	3789973	0.00384	160.493559474313
chrX	5150788	5150932	0.00408	158.744302649306
chrX	6385546	6385796	0.00536	150.871025679581
chr3R	5971921	5972112	0.0116	128.594627688438
chr3R	14232824	14233074	0.0163	118.779684506367
chr3L	11239401	11239573	0.0188	114.662470557436
chrX	13897052	13897168	0.0217	110.523222942099
chr2L	21975008	21975154	0.0241	107.49646086639
chr2L	16852678	16852777	0.0354	96.402136589329
chr2L	10699018	10699141	0.0374	94.8163583932362
chr3L	17779968	17780122	0.0375	94.7393118833241
chrX	11894346	11894434	0.0376	94.6624705574362
chr3R	10716518	10716648	0.084	71.4693372376665
chr2R	7859368	7859497	0.089	69.8010170739138
chr2R	25115225	25116078	7.56e-10	606.017894288546
chr2R	11637537	11637755	3.76e-07	426.855280046172
chr2L	11113366	11113755	8.39e-07	403.696517070929
chr3L	13673655	13674294	4.25e-06	356.882114561477
chr3L	15287713	15288302	9.19e-06	334.630074156197
chr3R	29876159	29876553	2.85e-05	301.973571103189
chr3R	7103334	7103786	4.96e-05	285.986007076493
chr2L	4439097	4439339	5.15e-05	284.901360842819
chr3R	30483134	30483670	6.45e-05	278.406826278018
chr2R	15729169	15729437	0.00017	250.443552663729
chr2L	224910	225127	0.000247	239.66402675479
chrX	2775508	2775743	0.000287	235.33323285297
chr2R	17335839	17336177	0.000407	225.253671701159
chr2L	3540000	3540323	0.000924	201.596390558162
chr2R	1441487	1441735	0.00107	197.363469760713
chr3R	27786745	27787063	0.00144	188.79430945989
chrX	2683243	2683384	0.00246	173.342519381951
chr3L	1170567	1170848	0.00327	165.129872978775
chrX	7980705	7980960	0.00355	162.759305200895
chr2L	12613025	12613404	0.00366	161.878812723055
chr3L	11297406	11297588	0.00487	153.637250247089
chr3R	15596831	15596998	0.00576	148.79430945989
chrX	6455846	6456071	0.00943	134.570530275234
chr3R	15700655	15700865	0.0109	130.39056109545
chrX	14487687	14487870	0.0115	128.844446572101
chr2R	4827359	4827510	0.0117	128.346953199321
chr3L	5210777	5211033	0.0119	127.85789232483
chr3R	7429165	7429384	0.0123	126.903957484204
chrX	9825929	9826119	0.0139	123.375426136519
chrX	7812289	7812482	0.0146	121.957756413389
chrX	4617234	4617622	0.0172	117.228952496947
chr2L	9211058	9211261	0.0181	115.757329849325
chrX	144364	144623	0.0188	114.662470557436
chr3R	25928968	25929143	0.0242	107.376982845497
chr3L	17781134	17781311	0.0276	103.583758455426
chr2R	21170947	21171067	0.0296	101.56518027841
chr2L	13291285	13291378	0.0357	96.158642310407
chr2L	18567768	18567911	0.0386	93.9051068456274
chr2R	10928625	10928757	0.0521	85.2514563454188
chr2R	13323434	13323601	0.0568	82.7593052008953
chr2L	121520	121652	0.0891	69.7686151605506
chr2R	10265777	10266198	1.04e-05	331.061138921409
chr2R	16565168	16565666	1.51e-05	320.301838497729
chrX	7143368	7143788	3.17e-05	298.903152681443
chr2L	510511	511022	3.81e-05	293.596989534364
chrX	6214120	6214412	0.000142	255.63642899639
chr3L	7203947	7204345	0.000278	236.252549932013
chr3R	18300309	18300474	0.00059	214.539948501499
chr3L	2901539	2901851	0.000751	207.577989436198
chr3R	20429066	20429400	0.000793	206.007830272404
chr2L	10524377	10524733	0.000848	204.072962295219
chrX	20973423	20973793	0.000859	203.701084963714
chr3R	28011683	28012326	0.00137	190.232167829526
chr3R	22340568	22340914	0.00146	188.396318311136
chr2L	6795249	6795395	0.00207	178.32307033875
chr3R	5502696	5503009	0.00342	163.835759191018
chrX	18404618	18404829	0.00489	153.518996389692
chr3L	13798908	13799049	0.00608	147.234259219865
chr2R	24034568	24034711	0.0061	147.139500839731
chr2L	8363090	8363222	0.00746	141.332173083631
chr2L	11288412	11288583	0.00772	140.343668743375
chr3R	26122055	26122249	0.00819	138.638416655916
chr2R	24617113	24617318	0.0083	138.25345896405
chr2R	23401988	23402142	0.00841	137.873569683633
chr3L	20036637	20036829	0.0143	122.556820855421
chr3R	13095669	13095876	0.0146	121.957756413389
chr2L	12746999	12747139	0.016	119.315685693242
chr3L	22743302	22743504	0.0163	118.779684506367
chr4	428351	428527	0.0167	118.080161741508
chr2R	24981130	24981272	0.0203	112.447529247285
chr2L	6899415	6899528	0.0228	109.096447307694
chr3L	16206198	16206335	0.0259	105.418081837258
chr3R	18078516	18078832	0.0296	101.56518027841
chr3R	26979707	26979825	0.0656	78.6032074986273
chr2R	18796903	18796993	0.0823	72.0592751825565
chr3R	7358867	7358992	0.091	69.1597928892678
chr3L	9051684	9052268	2.3e-06	374.59869416309
chrX	20266591	20267109	2.37e-06	373.733630204013
chr3R	8914707	8915215	0.000247	239.66402675479
chr2L	9982834	9983295	0.000252	239.085772916485
chr2L	11112947	11113184	0.000291	234.933864528318
chr2R	10656173	10656418	0.000352	229.442739013738
chr3R	29410404	29410811	0.000616	213.295640572585
chrX	684850	685183	0.000794	205.971467443624
chr3R	29034500	29034693	0.00117	194.785515097068
chr2R	9934018	9934228	0.00135	190.65649754772
chr3R	7565041	7565458	0.00289	168.694295838723
chr2L	17931185	17931422	0.00345	163.583758455426
chr3L	13289812	13290183	0.00541	150.6031138122
chr3R	30270828	30271473	0.00554	149.917966167752
chr2L	1327836	1328055	0.00593	147.955043597816
chr2L	22028536	22028868	0.00613	146.997944214921
chr2L	17004362	17004591	0.00773	140.306317410239
chr2L	2664206	2664491	0.00812	138.886091145033
chr2L	14731265	14731528	0.00872	136.829122993198
chr2L	10314724	10314869	0.00911	135.566664612695
chr3R	29370995	29371303	0.0108	130.65649754772
chr3R	12215326	12215567	0.011	130.127053320496
chrX	9015719	9015989	0.0121	127.376982845497
chr3L	13654320	13654595	0.013	125.30689133042
chr3R	7671975	7672233	0.0133	124.648598880965
chr2R	16302659	16302859	0.0137	123.793605931778
chr2L	3534050	3534497	0.0145	122.15606579069
chrX	5232061	5232312	0.0171	117.397197293271
chrX	12705111	12705197	0.0174	116.895377674014
chr2R	14667201	14667373	0.0205	112.16464560088
chr3R	18638423	18638577	0.0205	112.16464560088
chr2R	10901343	10901500	0.0315	99.7700872232434
chr3L	13328300	13328458	0.0328	98.6032074986273
chr3L	3179771	3179850	0.0375	94.7393118833241
chrX	5150072	5150187	0.0382	94.205671030274
chr3L	8108325	8108437	0.0424	91.195838499725
chr2L	1674502	1674637	0.046	88.8444465721015
chr3R	31203482	31203626	0.0475	87.9185735266228
chr3L	531523	531694	0.0573	82.5064210158509
chr3L	14212755	14212864	0.063	79.7700872232434
chr3R	11451311	11451450	0.0655	78.6472256624927
chr3L	7027856	7028036	0.0682	77.4816890105055
chr4	1148129	1148246	0.0831	71.7801542555821
chrX	19990985	19991301	5.22e-06	350.95037525058
chr2L	3862496	3862978	8.51e-06	336.848188748259
chr2L	7422421	7422756	2.03e-05	311.763214940527
chr3L	5952372	5952982	2.93e-05	301.174796195786
chr2R	17911190	17911496	0.000153	253.48361453263
chr2L	18737293	18737657	0.00025	239.315685693242
chr3L	5248360	5248570	0.000407	225.253671701159
chr3L	15064848	15065224	0.000534	217.417452752732
chr2R	10124721	10125117	0.000824	204.901360842819
chrX	10571602	10572217	0.000934	201.28579659229
chr3L	2318777	2319152	0.00153	187.045052634883
chr2R	23725844	23726194	0.00342	163.835759191018
chr2R	14908256	14908527	0.00342	163.835759191018
chrX	10570421	10570722	0.00344	163.667514394694
chr3R	11324225	11324812	0.00441	156.500112577586
chr2R	25244635	25244819	0.00508	152.419115753293
chrX	12167661	12167889	0.00551	150.074639317313
chr2L	9832759	9832967	0.00645	145.529702482524
chr3L	391308	391728	0.00806	139.100088918177
chrX	9014312	9014464	0.0107	130.924907862966
chr3R	11869983	11870089	0.0137	123.793605931778
chr2L	18311700	18311776	0.0182	115.598354787015
chr2R	19148129	19148372	0.0196	113.460050708685
chrX	21264582	21264666	0.0197	113.313211201861
chr3L	19316380	19316571	0.0226	109.350668342685
chr3L	13332510	13332967	0.0248	106.670321383251
chr2R	20227251	20227447	0.0359	95.997446914528
chr3R	24736413	24736529	0.0361	95.8371470532456
chr2L	10085596	10085769	0.0377	94.5858333256157
chrX	11788117	11788218	0.041	92.1646456008801
chr2R	12455675	12455777	0.0443	89.9309898198886
chr3L	5426133	5426307	0.0458	88.9701718290501
chr2L	9467644	9467743	0.0511	85.8106579722366
chr3R	15168524	15168613	0.0531	84.7028865749059
chr3R	5134330	5134625	0.0561	83.1171083788131
chr2R	17890527	17890622	0.0607	80.8431934658753
chr2R	20063787	20063913	0.0614	80.5123506835854
chrX	1177126	1177245	0.0631	79.724323691338
chrX	23101953	23102056	0.067	77.9939018840863
chr3R	9149840	9149930	0.0697	76.8539506736205
chr2L	18416761	18416846	0.0705	76.5246586452659
chr2L	6561135	6561351	0.0891	69.7686151605506
chr3R	10776058	10776173	0.0928	68.5946276884375
chr2R	8647574	8648096	5.57e-06	349.077824835177
chr3L	13840750	13841117	8.1e-06	338.272933226538
chr4	505108	505814	1.49e-05	320.686562874987
chr3R	8980457	8980963	1.88e-05	313.978156250678
chr3L	9905890	9906139	0.000124	259.547445178746
chr2R	9679810	9680256	0.000169	250.61378266084
chr2R	15604424	15605054	0.000591	214.491084982933
chr4	1272276	1272570	0.000746	207.770734981379
chr2R	13295824	13296067	0.00126	192.647211018738
chr3L	9696895	9697038	0.00222	176.304492161734
chr2R	23465129	23465516	0.00282	169.40178244076
chr2R	20916211	20916335	0.00352	163.00417711599
chr2L	9626112	9626510	0.00392	159.898612606432
chr2R	13696869	13697318	0.00498	152.992770847375
chr3R	20069715	20069925	0.00507	152.475970748669
chr3L	17274259	17274550	0.00565	149.350668342685
chr3R	11129052	11129371	0.00575	148.844446572101
chr3R	16546606	16546891	0.00643	145.619310942177
chr3L	17460115	17460351	0.00643	145.619310942177
chr2R	19726639	19726762	0.00694	143.416972437171
chr3R	31741562	31741666	0.0094	134.662470557436
chrX	2796022	2796717	0.00941	134.631791234165
chr3R	22907422	22907743	0.00973	133.666889593114
chr2L	2709436	2709632	0.0108	130.65649754772
chr3L	10204647	10204883	0.0118	128.101386603752
chrX	6099127	6099395	0.013	125.30689133042
chr2R	14504650	14504819	0.0132	124.86636520382
chr3L	2220148	2220326	0.0155	120.231759485504
chr2L	17985942	17986180	0.0157	119.861832613156
chr2L	2509551	2509791	0.0158	119.678632627447
chrX	15249808	15250305	0.0165	118.427803306073
chr3R	29055845	29055997	0.0165	118.427803306073
chr3L	10551882	10552122	0.0169	117.736658865345
chr2L	2275711	2276000	0.0178	116.239578971661
chr3L	5230036	5230282	0.0189	114.509399106568
chrX	10295353	10295547	0.0191	114.205671030274
chr2L	19414002	19414210	0.0198	113.167115189397
chrX	4178457	4178672	0.02	112.877123795494
chrX	1543489	1543718	0.0207	111.884508441002
chrX	10016620	10016944	0.0208	111.745453228167
chr2L	4155399	4155572	0.0221	109.99619640316
chr3R	22990983	22991117	0.0243	107.257997518873
chr3R	20090622	20090828	0.0253	106.094376097103
chr3L	5819702	5819834	0.0261	105.196127659591
chr2R	21786752	21786945	0.0274	103.793605931778
chr2L	10732661	10732770	0.0278	103.375426136519
chr3R	14400637	14400804	0.0305	100.700938941984
chr2L	8692655	8692750	0.0308	100.418516777091
chr2L	12380589	12380778	0.031	100.231759485504
chr3L	6049345	6049560	0.0329	98.5153721162842
chr3L	11298059	11298167	0.0346	97.0616830382545
chr3R	7424199	7424465	0.0353	96.4837601255654
chr3L	6342270	6342445	0.0405	92.5186856355492
chr2R	5258894	5259054	0.0433	90.5897832964545
chr3L	166130	166332	0.0523	85.1409048660501
chr3L	2182231	2182362	0.0526	84.9758678051429
chrX	14682789	14682920	0.0576	82.3557475621428
chr2R	11204471	11204741	0.059	81.6628247060049
chr3R	20090297	20090429	0.0606	80.89076792153
chr2R	8631927	8632097	0.0667	78.1233885672973
chr2L	6830676	6830797	0.0725	75.7175038929431
chr3R	26597716	26597822	0.0747	74.8549589352042
chr2L	6927046	6927151	0.0809	72.5543297423894
chrX	12897350	12897428	0.0902	69.4145751258814
chrX	13906355	13906967	1.26e-05	325.524334814232
chrX	8640646	8641080	2.54e-05	305.296239548787
chr2L	18468544	18469121	0.000175	249.607149149837
chr2R	6605811	6606144	0.000203	245.32465304278
chr3R	29370104	29370708	0.000257	238.518880402606
chr3R	29613368	29613840	0.00053	217.634400397472
chr2L	13632113	13632512	0.000721	208.754262401667
chr3R	15639176	15639494	0.0019	180.795697322117
chr3L	1011711	1011917	0.00195	180.046203213744
chrX	5275153	5275459	0.00417	158.114738019843
chr3R	13130825	13131125	0.0058	148.594627688438
chr2L	4071409	4071668	0.00607	147.281755363623
chr2L	9674484	9674916	0.00607	147.281755363623
chr2R	12093073	12093326	0.00662	144.779061352592
chr3L	907952	908390	0.00714	142.597204208154
chr3L	14272227	14272440	0.00765	140.606490737136
chr2L	16194278	16194519	0.00855	137.397197293271
chr3L	11261719	11262088	0.0108	130.65649754772
chr3L	2746320	2746508	0.0113	129.350668342685
chr3R	26247916	26248146	0.0113	129.350668342685
chr3R	8380323	8380523	0.012	127.616435678819
chrX	995858	996050	0.0127	125.980553855546
chr3R	29215028	29215274	0.0143	122.556820855421
chr2L	19548245	19548548	0.0146	121.957756413389
chrX	4462732	4463063	0.0172	117.228952496947
chr2R	4471473	4471724	0.022	110.127053320496
chr3L	13295570	13295797	0.0253	106.094376097103
chr2L	14923895	14924095	0.0263	104.975867805143
chr2R	12182554	12182648	0.0267	104.540328957238
chr2R	24556991	24557196	0.0277	103.479404270005
chr3L	20177344	20177593	0.0322	99.1359100286967
chr3L	15361757	15361920	0.0365	95.5191945156414
chr3L	7554156	7554319	0.0374	94.8163583932362
chrX	15285355	15285522	0.0377	94.5858333256157
chrX	21438906	21439006	0.0429	90.8575708409981
chr3R	11105502	11105727	0.043	90.7903905991998
chr2R	23514242	23514380	0.0461	88.7817887824022
chrX	6458246	6458409	0.0473	88.0403201242011
chr3R	13352320	13352466	0.0485	87.3174288494992
chr3R	17842776	17842926	0.0488	87.1395008397313
chr3R	30255751	30255902	0.0509	85.9238106694751
chr2L	2547402	2547555	0.052	85.3068913304199
chr4	908995	909091	0.0556	83.3754261365188
chr2R	10946492	10946590	0.0636	79.4965884853019
chr2R	10984352	10984467	0.0638	79.4059953156916
chr3R	18439204	18439455	0.067	77.9939018840863
chr3L	2180208	2180322	0.0831	71.7801542555821
chr2R	7254664	7254943	0.0945	68.0708372088203
chr2L	14788454	14789144	0.000167	250.957285537002
chr2L	9323305	9323512	0.000231	241.596390558162
chr2L	9490801	9491049	0.000264	237.743488999314
chr3L	8285223	8285717	0.000756	207.386522902062
chr2L	12982359	12982658	0.000805	205.574471926444
chrX	22604563	22604974	0.00104	198.184015125914
chr2R	24767950	24768342	0.00111	196.304492161734
chr2R	20853578	20853990	0.00124	193.108883280999
chr2R	12006779	12007171	0.00208	178.184015125914
chr2R	12693330	12693697	0.0038	160.795697322117
chr2R	1345517	1345653	0.00453	155.725464687812
chr3L	11303321	11303913	0.00493	153.283932761178
chr2L	14100070	14100375	0.0088	136.565615218243
chrX	494492	494585	0.00933	134.878144071701
chr2R	19215416	19215680	0.00943	134.570530275234
chr2R	24299311	24299617	0.0101	132.590017935953
chr2R	18988471	18988674	0.0104	131.745453228167
chr3L	13587714	13587992	0.0105	131.469337237667
chrX	1898932	1899108	0.011	130.127053320496
chr3R	22055816	22056117	0.0138	123.583758455426
chr3R	15493677	15493894	0.0139	123.375426136519
chr3L	21914363	21914556	0.0145	122.15606579069
chr2R	15641025	15641222	0.0165	118.427803306073
chr2L	23172981	23173180	0.0202	112.590017935953
chr3R	13103722	13103920	0.0248	106.670321383251
chr2L	4088773	4089111	0.0256	105.754247590989
chr3R	28778819	28779040	0.0258	105.529702482524
chrX	7293065	7293169	0.026	105.30689133042
chr2R	22824837	22825033	0.0313	99.9538706523366
chr3L	5311123	5311285	0.0347	96.9784105394238
chr2L	8574969	8575064	0.0361	95.8371470532456
chr3R	19740889	19741027	0.0364	95.5983547870151
chr3R	7861160	7861388	0.038	94.35713542437
chrX	1549300	1549588	0.0413	91.9542881626001
chr3L	12938151	12938351	0.0449	89.542814896166
chr3R	29385430	29385576	0.0484	87.3769828454971
chr2L	21851557	21851780	0.0485	87.3174288494992
chr3R	28097527	28097742	0.0523	85.1409048660501
chr3R	23634864	23635048	0.0548	83.7936059317784
chr2L	17587536	17587684	0.0552	83.5837584554256
chr3L	11431156	11431385	0.0559	83.2201581341252
chr3R	6032596	6032691	0.0565	82.912106444938
chr3L	9676054	9676225	0.0601	81.1298239767653
chr2R	12767158	12767318	0.07	76.7300253543424
chr2R	11133419	11133567	0.0712	76.239578971661
chr2R	1072907	1073029	0.0764	74.205671030274
chrX	3036898	3037068	0.0786	73.3865375458169
chr3L	2960806	2960910	0.0788	73.3132112018615
chrX	2319802	2320126	0.096	67.6164356788186
chr3R	7299022	7299698	0.000244	240.016624635226
chr2L	6082366	6082619	0.000323	231.923564292605
chr2R	7373864	7374403	0.000356	229.116702767156
chr2R	13316085	13316288	0.000484	220.254106640992
chrX	10822188	10822400	0.00101	199.0285798337
chr2L	1808673	1808985	0.00118	194.539948501499
chrX	7166597	7166973	0.00153	187.045052634883
chr3L	22724367	22724757	0.00156	186.484765111491
chr3L	15323484	15323754	0.00311	166.577394086124
chr3R	21628036	21628232	0.00425	157.566428868235
chr2R	21772008	21772362	0.00437	156.763020098724
chr3R	18532817	18533149	0.00585	148.346953199321
chr3R	18568850	18569077	0.0061	147.139500839731
chr2L	6103029	6103474	0.00662	144.779061352592
chr2R	7231987	7232369	0.00786	139.825099443564
chr3L	8099569	8099804	0.00788	139.751773099609
chr3R	8335037	8335254	0.00877	136.664148839842
chr2L	7419705	7419853	0.0102	132.305740751559
chr3R	7962804	7963049	0.0106	131.195838499725
chrX	17440081	17440229	0.0126	126.208649120991
chr3R	28297120	28297612	0.0127	125.980553855546
chr3R	28940899	28941051	0.0137	123.793605931778
chr3R	18108558	18108663	0.0145	122.15606579069
chr2R	9746853	9747080	0.0174	116.895377674014
chr3R	5606749	5606925	0.0176	116.565615218243
chrX	6402436	6402659	0.0185	115.126618380663
chrX	19225333	19225538	0.0211	111.332263816845
chr3L	13723015	13723388	0.0218	110.39056109545
chr3R	16605878	16606168	0.0288	102.355747562143
chrX	21394918	21395109	0.0288	102.355747562143
chr2L	3446391	3446575	0.0293	101.859110502544
chrX	15243299	15243446	0.0295	101.662824706005
chr2R	25170052	25170310	0.0298	101.370877181746
chr3R	7743538	7743801	0.0306	100.606490737136
chr2R	5702264	5702587	0.0307	100.512350683585
chrX	22758455	22758683	0.0325	98.8683294326727
chrX	11192843	11193025	0.0331	98.3404994548446
chr2L	59229	59416	0.0336	97.9078991354138
chr3L	472984	473246	0.0345	97.1451965576784
chr2L	18116083	18116291	0.0348	96.8953776740144
chr3L	14936237	14936366	0.0348	96.8953776740144
chr2R	13657518	13657625	0.0366	95.4402508253081
chr3L	19491414	19491594	0.0381	94.2813038411225
chrX	8280575	8280722	0.0453	89.2869027900643
chr2R	7529708	7529802	0.0454	89.2232778451707
chr3L	19004270	19004389	0.0456	89.0964473076941
chr3R	29739779	29739875	0.046	88.8444465721015
chr3L	16613312	16613424	0.0503	86.2659557948784
chr3R	13964588	13964703	0.0519	85.3624330238314
chr2L	3112847	3113044	0.0558	83.2718213544052
chr3L	5430741	5431009	0.06	81.1778737810714
chr3L	5991774	5991928	0.06	81.1778737810714
chr2L	14721127	14721301	0.0645	79.0911405847767
chr3L	9215759	9215896	0.0657	78.5592563845424
chr2L	5867747	5867848	0.067	77.9939018840863
chr3R	15879713	15879856	0.0828	71.8845084410025
chr3R	11119335	11119490	0.0847	71.229884404345
chr3R	30114142	30114975	6.48e-06	344.711495124285
chr2L	8638250	8638788	2.32e-05	307.910313381679
chr2L	1873705	1874210	0.000405	225.395809431044
chr2L	5080741	5081083	0.000677	210.571130914984
chr2L	4757210	4757581	0.0014	189.607149149837
chr3R	17521549	17521854	0.00282	169.40178244076
chr4	156015	156313	0.00299	167.712776004774
chr3R	18397275	18397582	0.0031	166.670321383251
chrX	20636742	20636992	0.00362	162.195891747072
chr3R	6252862	6253337	0.00394	159.751773099609
chr2R	13991756	13991945	0.00587	148.248475626535
chrX	3105679	3105938	0.00644	145.574471926444
chr3R	28210169	28210473	0.00874	136.763020098724
chr3R	7650786	7651136	0.0122	127.139500839731
chr3R	17981176	17981494	0.0171	117.397197293271
chr2R	10655865	10656099	0.0174	116.895377674014
chr2R	7045660	7045877	0.0187	114.816358393236
chr3L	3978899	3979004	0.0212	111.195838499725
chr4	930676	930799	0.0235	108.223908659689
chrX	2878756	2878960	0.0256	105.754247590989
chrX	17561108	17561268	0.0272	104.004990765982
chr2R	9875136	9875343	0.0295	101.662824706005
chrX	22861902	22862278	0.0325	98.8683294326727
chr3L	8891504	8891634	0.0331	98.3404994548446
chrX	9166016	9166140	0.0351	96.6477031848978
chr2L	18806134	18806347	0.0382	94.205671030274
chr2R	14477686	14477853	0.0403	92.6615270204296
chrX	10048136	10048396	0.0403	92.6615270204296
chrX	12217531	12217716	0.0419	91.538118917002
chr2L	2727339	2727617	0.0424	91.195838499725
chr3R	12065231	12065437	0.0445	89.8010170739138
chr3R	16923659	16923852	0.0458	88.9701718290501
chr2R	15511273	15511405	0.0486	87.2579975188734
chr3R	26441032	26441218	0.0489	87.0804344919443
chr3L	9522668	9522838	0.051	85.8671788538118
chr2R	20517932	20518170	0.0526	84.9758678051429
chr2L	11032543	11032672	0.0558	83.2718213544052
chr2R	23739635	23739779	0.0582	82.0567407328233
chrX	21108946	21109118	0.0623	80.092480530509
chrX	21121319	21121462	0.0657	78.5592563845424
chr3R	21388638	21388842	0.067	77.9939018840863
chr2L	15234611	15234788	0.0699	76.7712746834803
chr3R	8419539	8419694	0.0748	74.8163583932363
chr2L	10629024	10629204	0.0781	73.5706728281494
chr2L	18714264	18714365	0.0795	73.0580265875546
chrX	9650741	9650872	0.0801	72.8410789428148
chrX	9049030	9049152	0.0823	72.0592751825565
chrX	9454110	9454283	0.0867	70.5564839265523
chrX	14451627	14451910	0.09	69.4786237666482
chr2L	5341137	5341355	0.094	68.223908659689
chrX	20106709	20106836	0.0986	66.8453708634308
chr3L	7947921	7948200	5.58e-06	349.026068945394
chr3L	9381643	9382024	3.53e-05	295.799445818807
chrX	8003681	8004210	4.4e-05	289.442739013738
chr3R	29083998	29084436	0.000358	228.955055841198
chr3L	15103035	15103236	0.00056	216.045711047584
chr3R	18493424	18493886	0.000856	203.802031658461
chrX	836490	836759	0.00147	188.199362592009
chrX	20923786	20924088	0.00159	185.935150383049
chr2R	22269210	22269817	0.00233	174.909086595651
chrX	22695723	22696082	0.00433	157.028345194202
chr3R	26773746	26774015	0.00671	144.389430364733
chr2L	20960332	20960695	0.00696	143.333939571762
chr3R	14401446	14401767	0.00773	140.306317410239
chr3R	28930361	28930675	0.0101	132.590017935953
chr3R	5672616	5672868	0.0153	120.606490737136
chrX	16384279	16384523	0.0167	118.080161741508
chrX	12981406	12981535	0.0169	117.736658865345
chr3R	30274031	30274218	0.0175	116.730025354342
chr2L	17005058	17005452	0.0184	115.283008469849
chr3R	4842985	4843328	0.0199	113.021755180116
chrX	20999014	20999386	0.0205	112.16464560088
chr3R	28804989	28805267	0.0231	108.719266762668
chr3L	1068477	1068697	0.0236	108.101386603752
chrX	19899438	19899664	0.027	104.217935649972
chrX	13918557	13918775	0.0297	101.467865174974
chr3R	15155144	15155315	0.0324	98.9572475332965
chr2R	16331167	16331503	0.0327	98.6913110810273
chr3L	2373913	2374019	0.0348	96.8953776740144
chr2R	16448987	16449220	0.0366	95.4402508253081
chr2L	12461661	12461776	0.0381	94.2813038411225
chr2L	6405011	6405302	0.0387	93.8304524681008
chrX	11528933	11529259	0.0395	93.2400707296997
chr3L	20933910	20934125	0.0402	92.7332137674104
chr3R	18368658	18368969	0.0406	92.4475292472855
chrX	9006606	9006991	0.0411	92.0943559173553
chr3L	2902380	2902534	0.0418	91.6070649493713
chr3L	13754187	13754493	0.0426	91.0600551864722
chr3L	11872890	11873074	0.0446	89.7362495925829
chr3R	32065768	32065915	0.0448	89.6071491498369
chr2L	16574611	16574797	0.0497	86.6122067597433
chr3R	25548897	25549118	0.0505	86.1514560382059
chr2L	8709040	8709198	0.0537	84.3786820312807
chr3L	5886225	5886376	0.0539	84.2714183359389
chr4	468220	468371	0.0585	81.9083913015736
chrX	6549580	6549795	0.06	81.1778737810714
chrX	13834335	13834461	0.0691	77.1034095832238
chrX	9915510	9915624	0.0732	75.4402508253081
chr3R	6639429	6639634	0.0734	75.3615225341247
chr3R	29961183	29961338	0.0762	74.2813038411225
chr2L	9207936	9208034	0.0773	73.867755512492
chr2L	19674791	19675202	0.0784	73.4600507086848
chr2L	3222742	3222968	0.0786	73.3865375458169
chrX	17524786	17524966	0.0788	73.3132112018615
chr3L	13620642	13620782	0.079	73.2400707296997
chr3L	9288810	9288917	0.0797	72.9855293111795
chr2L	1532213	1532457	0.0817	72.2704022280753
chrX	10558759	10558879	0.0825	71.9892414083254
chr3R	12809994	12810137	0.0827	71.9193772075635
chrX	16813577	16813682	0.0848	71.195838499725
chrX	20985371	20985517	0.0863	70.6899126074099
chr3R	19880758	19880901	0.087	70.4568157762672
chr3R	10680997	10681124	0.0875	70.2914634565952
chr3R	29582184	29582275	0.0892	69.7362495925829
chr3L	13730584	13730852	0.0907	69.2550727804185
chr4	1276618	1276705	0.0967	67.4068060014522
chr3L	2881505	2882018	2.44e-05	306.455186532973
chr3L	18079171	18079581	6.21e-05	279.500944119821
chr3L	10668327	10668584	7.18e-05	275.31313260777
chrX	5364959	5365283	7.57e-05	273.786943484516
chr3L	377332	377549	0.000299	234.151337902521
chr2L	8821479	8821713	0.000329	231.392495911779
chrX	20629110	20629836	0.00159	185.935150383049
chr3L	2851821	2852093	0.00207	178.32307033875
chr3L	2305555	2305845	0.0021	177.907899135414
chr2L	16112818	16113487	0.00217	176.961784839847
chr3R	18455241	18455570	0.00289	168.694295838723
chr2R	20484503	20484936	0.00347	163.416972437171
chrX	20343498	20343932	0.00401	159.243640959638
chrX	8376644	8377156	0.00648	145.395809431044
chr3L	13646142	13646374	0.00816	138.744302649306
chr3L	12900899	12901165	0.00845	137.736658865345
chr2R	10200326	10200747	0.00848	137.634400397472
chr2L	17157355	17157834	0.0101	132.590017935953
chr3R	6068372	6068738	0.0104	131.745453228167
chr3R	29342186	29342478	0.0106	131.195838499725
chr2L	14994923	14995169	0.0118	128.101386603752
chr2R	23348181	23348578	0.0152	120.795697322117
chrX	21214592	21214961	0.0184	115.283008469849
chr2R	10275430	10275672	0.0228	109.096447307694
chr3L	16222663	16222976	0.0238	107.85789232483
chr4	225933	226123	0.0246	106.903957484204
chrX	16655798	16656004	0.0248	106.670321383251
chr3R	11118208	11118690	0.0261	105.196127659591
chr3L	21099943	21100162	0.0299	101.274214107027
chr3R	15511548	15511757	0.0316	99.6786326274469
chrX	20041285	20041457	0.0352	96.565615218243
chr2R	15151567	15151803	0.0367	95.3615225341247
chrX	10536258	10536591	0.0386	93.9051068456274
chr2R	17896693	17896873	0.0434	90.5232229420994
chr3L	24538310	24538458	0.0443	89.9309898198886
chrX	686335	686515	0.0449	89.542814896166
chr2L	7363068	7363305	0.0483	87.4366600142735
chr2L	3266086	3266293	0.0524	85.08578756024
chrX	15334131	15334235	0.0543	84.0580798349018
chrX	15219380	15219530	0.0563	83.0144253493844
chr2L	16102382	16102657	0.0568	82.7593052008953
chrX	10539438	10539915	0.0587	81.8099137287879
chr2R	17640129	17640323	0.0602	81.0818540557949
chrX	20985763	20985972	0.0604	80.9861528044874
chr2R	17115230	17115420	0.0607	80.8431934658753
chrX	5150463	5150678	0.0636	79.4965884853019
chr2L	19166908	19167041	0.0669	78.0369995781598
chr3R	7370665	7370901	0.0683	77.4394122251872
chr3R	4628092	4628321	0.0718	75.997446914528
chr3L	5490922	5491105	0.0741	75.0876529448723
chr2R	18609701	18609838	0.0752	74.6624705574362
chrX	4789542	4789672	0.0784	73.4600507086848
chrX	20628203	20628376	0.0785	73.4232707154092
chr2L	8607162	8607257	0.0797	72.9855293111795
chr3L	16219826	16219948	0.085	71.1278669704877
chr2R	9791954	9792100	0.0878	70.1927050002818
chrUn_DS484009v1	2022	2153	0.0915	69.0016889275609
chr2R	18329945	18330157	0.0927	68.6257370184784
chr2L	12833317	12833547	0.0966	67.4366600142735
chr3L	10111814	10112019	0.098	67.0214888109376
chr2R	23436665	23437600	1.88e-05	313.978156250678
chr3L	648357	648864	0.000128	258.631371386483
chr4	396077	396967	0.000367	228.238646329619
chr3R	16948589	16948866	0.000512	218.631371386483
chrX	4754557	4754854	0.000904	202.22779213818
chr2L	14975086	14975427	0.00132	191.304927101567
chr3L	10777834	10778185	0.00158	186.117194525194
chr2R	11469449	11469827	0.00191	180.644232928021
chrX	13752730	13753011	0.00238	174.296454222577
chr2R	22888784	22889018	0.00247	173.225464857043
chr3R	22224326	22224761	0.00252	172.647211018738
chr2R	21886907	21887416	0.00296	168.003742176157
chr3R	30277764	30278000	0.00313	166.392432550084
chr3R	24051576	24051719	0.00317	166.026028885948
chrX	20267260	20267510	0.00366	161.878812723055
chr3L	13791992	13792361	0.00395	159.678632627447
chr3R	11887067	11887330	0.00593	147.955043597816
chr3L	12090141	12090463	0.0083	138.25345896405
chr3L	644502	644879	0.00837	138.011133237729
chr2R	6505573	6505795	0.00889	136.272017312141
chr2L	17865637	17866069	0.0107	130.924907862966
chr2L	9321011	9321194	0.0108	130.65649754772
chr3L	18080431	18080657	0.0118	128.101386603752
chr2L	6510934	6511391	0.0127	125.980553855546
chrX	1602360	1602606	0.0133	124.648598880965
chr2L	13633444	13633698	0.0146	121.957756413389
chrX	18218826	18219011	0.0156	120.046203213744
chr2L	7277081	7277338	0.0169	117.736658865345
chr3R	28988304	28988456	0.0187	114.816358393236
chrX	10742576	10742736	0.0208	111.745453228167
chr2L	1524383	1524745	0.0209	111.607064949371
chrX	6890096	6890330	0.0221	109.99619640316
chr3R	16472482	16472831	0.0226	109.350668342685
chr2L	17844478	17844753	0.0229	108.97017182905
chr3R	20488444	20488640	0.0241	107.49646086639
chrX	14669617	14669832	0.0249	106.554208949627
chr3L	14915107	14915495	0.0253	106.094376097103
chrX	3808570	3808718	0.0263	104.975867805143
chr3R	29609522	29609716	0.0288	102.355747562143
chr3R	23888354	23888486	0.0346	97.0616830382545
chr3R	17391300	17391425	0.0349	96.8125830667959
chr3R	13923719	13923965	0.0351	96.6477031848978
chr2R	8590273	8590475	0.0361	95.8371470532456
chr3R	23722072	23722205	0.0369	95.2047074697811
chr3L	49080	49367	0.0389	93.6817206912652
chr3L	14360949	14361153	0.0411	92.0943559173553
chrX	17314263	17314462	0.0414	91.8845084410025
chr3R	31295627	31295822	0.0436	90.3905610954505
chrX	14015391	14015498	0.0443	89.9309898198886
chrX	20339875	20340102	0.0456	89.0964473076941
chrX	14772069	14772349	0.0465	88.5325094710811
chr3L	9335689	9336080	0.0484	87.3769828454971
chr2R	24437245	24437508	0.0488	87.1395008397313
chr3L	18865542	18865668	0.0547	83.8463071351379
chr3L	18154218	18154424	0.0563	83.0144253493844
chrX	20124889	20125053	0.0571	82.6073088837321
chr3R	19114834	19114996	0.0579	82.2058568312043
chr2R	10973739	10974048	0.0611	80.6536761946144
chr3R	12874315	12874462	0.0613	80.5593823171734
chrX	22600557	22600942	0.0628	79.8618326131565
chr2L	18588480	18588714	0.0636	79.4965884853019
chrX	14953096	14953190	0.067	77.9939018840863
chrX	2269493	2269611	0.0721	75.8771386061725
chr2L	17534016	17534202	0.0723	75.7972108519666
chr3R	11107981	11108138	0.0724	75.7573298493249
chr2L	11682461	11682647	0.073	75.5191945156414
chr2L	261679	261833	0.0768	74.0549975765659
chr3L	7230538	7230661	0.0779	73.6446572297556
chr2L	21341738	21341958	0.0779	73.6446572297556
chr2L	4777364	4777564	0.0799	72.9132137324295
chr2L	6300014	6300273	0.0823	72.0592751825565
chr2R	18981421	18981556	0.0897	69.5749640926038
chr2R	8969062	8969167	0.0961	67.586395175514
chr2R	20410059	20410206	0.0966	67.4366600142735
chr3R	4768693	4769202	8.33e-05	271.02647957692
chr3L	18077689	18078085	0.000123	259.781081279699
chr3R	8112774	8113077	0.000152	253.672821117612
chrX	22577985	22578823	0.000164	251.480331294122
chr3R	13628314	13628810	0.000585	214.785515097068
chr2L	1346043	1346316	0.00173	183.500244936002
chr2R	7852306	7852765	0.00186	181.409633266576
chr2L	5696877	5697221	0.0019	180.795697322117
chr3L	8043370	8043679	0.00313	166.392432550084
chr2R	18652759	18653210	0.00353	162.922322023313
chr2R	7751836	7752226	0.00421	157.839281027408
chrX	2776262	2776610	0.00489	153.518996389692
chr3R	6139510	6139893	0.00528	151.304927101567
chrX	21253219	21253627	0.00574	148.894670955222
chr3R	9199841	9200081	0.00645	145.529702482524
chr2R	10969088	10969406	0.00844	137.770825714593
chr2R	23862053	23862272	0.00904	135.789230240432
chr3R	11042847	11043318	0.0101	132.590017935953
chr3R	19181531	19181924	0.0117	128.346953199321
chr3L	2831017	2831188	0.0124	126.670321383251
chrX	8028476	8028804	0.0128	125.754247590989
chrX	21042432	21042754	0.0132	124.86636520382
chrX	19297766	19298199	0.0134	124.432463781834
chr3L	3785313	3785544	0.0134	124.432463781834
chr3R	5175713	5176282	0.0137	123.793605931778
chr3L	392096	392493	0.0146	121.957756413389
chrX	6050623	6050854	0.0225	109.478623766648
chr2L	9333308	9333573	0.0233	108.470524697903
chr3R	4664157	4664387	0.0242	107.376982845497
chr3R	29399667	29399981	0.0249	106.554208949627
chrX	14713322	14713738	0.0262	105.08578756024
chr3R	14944901	14945122	0.0265	104.757276601978
chr2L	12950327	12950663	0.0267	104.540328957238
chrX	7512899	7513115	0.0274	103.793605931778
chr2R	17963492	17963686	0.0295	101.662824706005
chr2R	19166663	19166838	0.03	101.177873781071
chrX	14103720	14103899	0.0359	95.997446914528
chr3L	15785154	15785621	0.0374	94.8163583932362
chr2R	14552155	14552382	0.0377	94.5858333256157
chrX	10619074	10619178	0.04	92.8771237954945
chr3R	30291280	30291568	0.0405	92.5186856355492
chr3R	27387562	27387902	0.042	91.4693372376665
chr2L	2873144	2873353	0.0433	90.5897832964545
chr3L	19039381	19039712	0.0434	90.5232229420994
chr3L	21874406	21874600	0.0443	89.9309898198886
chr3R	20141728	20141889	0.0446	89.7362495925829
chrX	734297	734611	0.0453	89.2869027900643
chr3R	27301587	27301913	0.0461	88.7817887824022
chr2R	18193248	18193471	0.0461	88.7817887824022
chr2L	3356284	3356450	0.0464	88.5946276884376
chr2L	9217529	9217761	0.0478	87.736911431374
chr3L	15458650	15458854	0.0481	87.5563859155882
chr2L	9207388	9207481	0.0485	87.3174288494992
chr2R	7876092	7876433	0.0488	87.1395008397313
chr3R	30203556	30203821	0.0488	87.1395008397313
chrX	3383928	3384070	0.0512	85.754247590989
chr3R	15516109	15516337	0.0523	85.1409048660501
chr2L	1480739	1480941	0.0523	85.1409048660501
chr3L	3480593	3480840	0.0542	84.1112667639116
chrX	21089739	21090001	0.0547	83.8463071351379
chr3L	10663270	10663374	0.055	83.6884914227485
chrX	11388096	11388228	0.0573	82.5064210158509
chr3L	13196347	13196560	0.0602	81.0818540557949
chr2L	7843735	7844103	0.0605	80.9384209477498
chr3L	6833191	6833463	0.0616	80.418516777091
chr2R	20852724	20852910	0.0636	79.4965884853019
chr3R	7835547	7835839	0.066	78.4278033060727
chr3R	8641847	8642069	0.0667	78.1233885672973
chr3L	14662091	14662283	0.067	77.9939018840863
chr2R	9444866	9445107	0.0681	77.5240278307476
chrX	13319283	13319413	0.0702	76.6477031848978
chr2L	7042735	7042864	0.0718	75.997446914528
chr2R	25024220	25024461	0.0721	75.8771386061725
chr3L	18476359	18476516	0.0734	75.3615225341247
chr2L	1230414	1230584	0.0768	74.0549975765659
chr3R	22719850	22719967	0.0783	73.4968776451682
chr3L	22485432	22485577	0.0801	72.8410789428148
chr3L	12253221	12253343	0.0817	72.2704022280753
chr2L	19888505	19888633	0.0835	71.6415998437607
chr3R	21915995	21916256	0.086	70.7903905991998
chr2R	12779996	12780113	0.0896	69.6071491498369
chr2L	9000045	9000192	0.0923	68.7505108380735
chr3L	602493	602678	0.0931	68.5015004398131
chr3L	18093777	18093954	0.0976	67.1395008397313
chr3L	14356065	14356249	0.098	67.0214888109376
chr3R	20362859	20363050	0.0999	66.4674302351406
chr2L	516304	517009	2.44e-05	306.455186532973
chr2L	8619402	8620070	2.85e-05	301.973571103189
chr3L	1592727	1593676	0.000427	223.869526194074
chr2L	18469678	18470035	0.000619	213.155459402198
chr3R	30527412	30527637	0.000855	203.835759191018
chr3L	1127022	1127471	0.00172	183.667514394694
chr2R	18752526	18752908	0.00213	177.498617084219
chr3R	14142679	14143160	0.00215	177.228952496947
chr3L	20722852	20723207	0.00362	162.195891747072
chr3R	9105631	9106044	0.00411	158.532917815103
chr3R	8357627	8357913	0.00451	155.853137023629
chr2L	5080194	5080502	0.00502	152.761938409721
chrX	9583677	9583795	0.00519	151.800994921579
chrX	4786370	4786823	0.00536	150.871025679581
chr2L	13720810	13721180	0.00939	134.693182535661
chr3R	17368511	17368835	0.0102	132.305740751559
chr2R	15155232	15155559	0.012	127.616435678819
chr2R	21073109	21073367	0.0127	125.980553855546
chr3L	12228461	12228792	0.0169	117.736658865345
chr2L	17191800	17192173	0.017	117.566428868235
chr3L	16484066	16484427	0.0172	117.228952496947
chr2R	7623041	7623246	0.0177	116.402136589329
chr3L	22008718	22009195	0.0177	116.402136589329
chr3R	14056731	14057018	0.0197	113.313211201861
chr2R	24564662	24565042	0.0198	113.167115189397
chr2L	14689573	14689728	0.0202	112.590017935953
chr2R	19645603	19645987	0.0205	112.16464560088
chr2R	20527957	20528367	0.0212	111.195838499725
chr2L	6013144	6013280	0.0213	111.060055186472
chr3R	12527418	12527641	0.0231	108.719266762668
chr3L	5247612	5247776	0.0253	106.094376097103
chr2R	21275820	21276054	0.0286	102.556820855421
chr3L	13412752	13412911	0.0298	101.370877181746
chr2L	19953271	19953629	0.0306	100.606490737136
chr2L	8842013	8842260	0.034	97.566428868235
chr2L	14974748	14974898	0.0361	95.8371470532456
chr2L	765004	765249	0.0389	93.6817206912652
chr2L	2390965	2391169	0.0399	92.9493488665421
chr2R	20819928	20820202	0.0414	91.8845084410025
chr2L	13731557	13731975	0.0416	91.7454532281671
chr2L	3290567	3290879	0.0471	88.1625825987333
chr2R	12776843	12777101	0.0481	87.5563859155882
chr3R	16893423	16893645	0.0487	87.1986883493421
chrX	14674238	14674859	0.0538	84.3250003398565
chr3L	50827	51082	0.0559	83.2201581341252
chrX	3382270	3382401	0.0576	82.3557475621428
chr3R	24395115	24395328	0.0586	81.859110502544
chrX	17178352	17178593	0.0588	81.7608006942617
chrX	3475009	3475240	0.0589	81.7117711143798
chr2L	15761863	15761953	0.0631	79.724323691338
chr3R	30056818	30056924	0.0632	79.6786326274469
chr3R	4394381	4394505	0.0642	79.2256578485429
chr3L	9425491	9425632	0.0661	78.3841183608351
chr3R	23078772	23078919	0.0706	76.4837601255654
chr2R	21009512	21009646	0.0709	76.3614112461987
chr3R	6932858	6933013	0.0717	76.0376614169509
chr2R	20196418	20196829	0.0718	75.997446914528
chrX	22675535	22675711	0.0734	75.3615225341247
chr3R	30416927	30417119	0.0765	74.1679288393887
chr2L	8975337	8975849	0.0788	73.3132112018615
chrX	4234493	4234793	0.0797	72.9855293111795
chr2R	14735957	14736145	0.0823	72.0592751825565
chr2R	19808272	19808398	0.0836	71.6070649493713
chr3L	1126377	1126675	0.0852	71.0600551864722
chr3R	12276647	12276790	0.0862	70.723366409207
chr3L	15467199	15467442	0.0872	70.3905610954505
chrX	3261850	3262157	0.092	68.8444465721015
chr3R	12389059	12389189	0.0946	68.0403201242011
chrX	20343019	20343205	0.0952	67.8578923248301
chr3R	23694712	23694889	0.0966	67.4366600142735
chr3R	29626827	29626960	0.0986	66.8453708634308
chr3R	14086155	14086359	0.0995	66.5831932823688
chr2L	14920890	14921569	0.000421	224.277842925156
chrX	20879340	20879891	0.00121	193.815544743244
chr2L	19280019	19280893	0.00224	176.045711047584
chrX	11221930	11222576	0.00237	174.417944510771
chr3R	13091660	13092323	0.00259	171.856643735005
chr2R	12493672	12493933	0.00298	167.809439079493
chr2L	6010393	6010818	0.00327	165.129872978775
chr3L	18863254	18863700	0.0036	162.355747562143
chrX	16528782	16528970	0.00504	152.647211018738
chr3R	23103531	23104044	0.00522	151.634689557339
chr2L	1774159	1774500	0.00626	146.392432550084
chrX	15713273	15713688	0.00678	144.089980226009
chr3L	16190698	16191048	0.00724	142.195891747072
chr2L	18666049	18666241	0.00746	141.332173083631
chr2L	1216941	1217572	0.00753	141.062688395298
chr3R	29468309	29469437	0.00841	137.873569683633
chr2R	5416809	5417023	0.00872	136.829122993198
chr3L	2029490	2029714	0.00893	136.142482186312
chrX	3919187	3919549	0.0118	128.101386603752
chr2R	20891374	20891618	0.0118	128.101386603752
chrX	8696124	8696513	0.0126	126.208649120991
chr2L	15567793	15568173	0.0133	124.648598880965
chr3R	14598221	14598465	0.0134	124.432463781834
chr3R	7358330	7358708	0.014	123.16858725209
chr2R	19346253	19346638	0.0142	122.759305200895
chrX	8681448	8681689	0.0143	122.556820855421
chrX	12698862	12699181	0.0146	121.957756413389
chr3L	18345209	18345469	0.0163	118.779684506367
chr3R	5043904	5044269	0.0167	118.080161741508
chr3L	4619458	4619905	0.0169	117.736658865345
chr2L	12489459	12489857	0.0183	115.440250825308
chr3R	29773423	29773545	0.022	110.127053320496
chrX	6591056	6591256	0.0259	105.418081837258
chr4	59990	60819	0.0291	102.056740732823
chr3L	21364407	21364640	0.0291	102.056740732823
chr3L	22093627	22093930	0.0318	99.4965884853019
chr2R	20364052	20364329	0.0325	98.8683294326727
chr3R	25539324	25539577	0.0327	98.6913110810273
chr3R	27351736	27352146	0.0348	96.8953776740144
chr3L	27083789	27084049	0.0353	96.4837601255654
chr3R	22661314	22661599	0.0358	96.0779320457039
chr2L	13115617	13116111	0.038	94.35713542437
chr3R	13977184	13977369	0.0387	93.8304524681008
chr2L	10353964	10354240	0.0399	92.9493488665421
chrX	2971437	2971641	0.041	92.1646456008801
chr3R	16857153	16857313	0.042	91.4693372376665
chr2L	6302342	6302663	0.0467	88.4086727967957
chr3R	31115668	31115936	0.0467	88.4086727967957
chr2R	19599211	19599861	0.0475	87.9185735266228
chrX	4240278	4240604	0.0488	87.1395008397313
chr3R	14209941	14210157	0.0491	86.9626633046951
chrX	664017	664256	0.0511	85.8106579722366
chr3L	4548990	4549218	0.0518	85.4180818372579
chr2R	8774198	8774513	0.0523	85.1409048660501
chr2R	18972449	18972615	0.0563	83.0144253493844
chrX	3039640	3039837	0.057	82.6578854099469
chr3L	18870164	18870292	0.0576	82.3557475621428
chrX	22728794	22728962	0.0603	81.0339637529873
chrX	7416670	7416918	0.0627	79.9078149349482
chr3L	5214576	5214772	0.0631	79.724323691338
chr2R	9983605	9983816	0.0648	78.9572475332965
chr2R	14382753	14383117	0.0661	78.3841183608351
chr2R	22616695	22616847	0.0687	77.270921814627
chrX	14513830	14514032	0.071	76.3207433031481
chr3L	8768184	8768332	0.0714	76.158642310407
chr3R	23585037	23585252	0.0717	76.0376614169509
chr2R	15289064	15289366	0.0727	75.6380165125971
chr3R	18493079	18493324	0.0743	75.0098795802171
chrX	12966449	12966651	0.0792	73.1671151893968
chr2R	23428791	23429035	0.0834	71.6761761220957
chr2R	17190333	17190604	0.0841	71.4350077858861
chr2L	15509679	15509928	0.0848	71.195838499725
chr3R	8632472	8632743	0.0868	70.5232229420994
chr3R	31404732	31404839	0.0869	70.490000254701
chr2L	9357854	9358026	0.087	70.4568157762672
chr3R	20990371	20990598	0.0884	69.9961964031604
chrX	7772787	7773118	0.089	69.8010170739138
chr2R	16773880	16773958	0.0893	69.7039202885645
chr3R	10587508	10587663	0.0902	69.4145751258814
chr3R	18856039	18856306	0.0931	68.5015004398131
chr2L	13050400	13050557	0.0933	68.4395821739538
chr3R	7414753	7414960	0.0954	67.7973384708788
chrX	1607938	1608379	0.000479	220.55373447176
chr2L	13777020	13777764	0.00141	189.40178244076
chr3L	22500135	22500721	0.00154	186.857078674838
chr3R	7938576	7939089	0.00283	169.299644632099
chr2R	14530161	14530383	0.00311	166.577394086124
chr2L	5514841	5515307	0.00327	165.129872978775
chr3R	7508700	7509133	0.00393	159.825099443564
chr2L	14025517	14025993	0.00398	159.460317077863
chr3R	6035196	6035806	0.00515	152.024237047325
chr2R	22578639	22579040	0.00541	150.6031138122
chr2R	10104990	10105282	0.00619	146.716897504451
chr3L	6085481	6085729	0.00735	141.760800694262
chr3R	30343968	30344700	0.0123	126.903957484204
chrX	21093447	21093906	0.0126	126.208649120991
chr3R	21894246	21894498	0.0129	125.529702482524
chr3R	11826421	11827032	0.0132	124.86636520382
chr3L	20765406	20765843	0.0137	123.793605931778
chr3L	1963723	1964235	0.0152	120.795697322117
chr3R	26687356	26687898	0.0156	120.046203213744
chr2R	12706871	12707293	0.0157	119.861832613156
chr2R	13368127	13368539	0.0197	113.313211201861
chrX	14366971	14367173	0.0213	111.060055186472
chr3R	14085402	14085849	0.0214	110.924907862966
chr3R	20915660	20916249	0.0223	109.736249592583
chr3L	9372407	9372654	0.0227	109.223277845171
chr3R	6069896	6070251	0.0232	108.594627688438
chrX	6307787	6308014	0.0232	108.594627688438
chr3L	7199374	7200142	0.0233	108.470524697903
chrX	18344875	18345007	0.0248	106.670321383251
chr3L	809933	810120	0.0248	106.670321383251
chr2R	20438378	20438701	0.0275	103.688491422749
chr3L	7276618	7277202	0.0294	101.760800694262
chr3L	15625055	15625499	0.0295	101.662824706005
chrX	15291265	15291915	0.0296	101.56518027841
chr2R	23464069	23464314	0.0299	101.274214107027
chrX	2357687	2358227	0.0308	100.418516777091
chr3R	7767955	7768276	0.0311	100.138832188377
chr3L	5289230	5289617	0.0329	98.5153721162842
chr2L	6512961	6513363	0.0341	97.4816890105055
chr3R	13731057	13731276	0.0364	95.5983547870151
chrX	14731917	14732178	0.0392	93.4600507086848
chrX	16930720	16930971	0.0414	91.8845084410025
chr2L	13759204	13759486	0.0414	91.8845084410025
chr3L	18840523	18840692	0.0415	91.8148970663032
chr2R	6541720	6541950	0.0431	90.723366409207
chr2R	22420320	22420436	0.0434	90.5232229420994
chr3R	6409236	6409444	0.0436	90.3905610954505
chrX	20686532	20686835	0.0442	89.9961964031604
chr3R	13337784	13338111	0.0447	89.6716271673226
chr3R	5199613	5199838	0.045	89.4786237666482
chr2R	11151176	11151524	0.0453	89.2869027900643
chr3R	10907542	10907775	0.0471	88.1625825987333
chr3R	21896545	21896850	0.0473	88.0403201242011
chr2R	9227480	9227719	0.0482	87.4964608663898
chr3R	23297223	23297474	0.0493	86.8453708634308
chr3R	26415647	26415895	0.0582	82.0567407328233
chr3R	6495259	6495608	0.0605	80.9384209477498
chr2R	13304238	13304590	0.0657	78.5592563845424
chr3R	14134969	14135173	0.0662	78.3404994548446
chr3R	9150593	9150907	0.0664	78.2534589640505
chr3R	22052296	22052671	0.0664	78.2534589640505
chr3R	13588964	13589252	0.0675	77.7793737522251
chrX	4174536	4174741	0.0709	76.3614112461987
chr3R	12153297	12153672	0.0722	75.8371470532456
chr3R	7515628	7515941	0.0752	74.6624705574362
chrX	6711248	6711420	0.0759	74.3951260826797
chr3L	11758118	11758375	0.0824	72.0242370473246
chr2R	19054088	19054305	0.0829	71.849681761074
chr2R	12772999	12773378	0.0852	71.0600551864722
chr3R	30203028	30203347	0.0865	70.6231211405073
chr2R	22183092	22183235	0.0877	70.2255869420943
chr2R	16579349	16579487	0.0879	70.1598604881209
chrX	19073935	19074082	0.088	70.1270533204958
chrX	19807010	19807160	0.0907	69.2550727804185
chr3R	22587357	22587479	0.0937	68.3161428378053
chr3R	28107823	28108025	0.096	67.6164356788186
chr3R	30276925	30277288	0.000739	208.04276030356
chr2L	1693347	1694112	0.000796	205.898878975611
chrX	14953460	14953721	0.00102	198.744302649306
chr3L	5611994	5612424	0.00119	194.296454222577
chr3L	21043470	21043990	0.00148	188.003742176157
chr2R	23547839	23548061	0.00191	180.644232928021
chr2L	6293961	6294592	0.00327	165.129872978775
chr3R	13363459	13363694	0.00362	162.195891747072
chr3R	21094416	21094664	0.00415	158.25345896405
chr3R	21651386	21652086	0.00536	150.871025679581
chrX	9893932	9894510	0.01	132.877123795494
chr3L	6552493	6552815	0.0103	132.024237047325
chrX	19224404	19224888	0.0144	122.355747562143
chr2L	17163023	17163518	0.0145	122.15606579069
chr2L	18564539	18564888	0.0152	120.795697322117
chr3R	4346611	4347063	0.0152	120.795697322117
chr2R	11666658	11666927	0.0155	120.231759485504
chr3L	18173016	18173353	0.017	117.566428868235
chr3R	9168508	9168972	0.017	117.566428868235
chr2L	2871324	2871617	0.0171	117.397197293271
chr2L	15840881	15841386	0.0171	117.397197293271
chrX	10147482	10147940	0.0172	117.228952496947
chr2R	23355059	23355279	0.0187	114.816358393236
chrX	20536184	20536626	0.0196	113.460050708685
chrX	14509926	14510473	0.0209	111.607064949371
chr2R	15905156	15905912	0.0227	109.223277845171
chr2L	16969743	16970083	0.024	107.616435678819
chrX	8958655	8959003	0.0241	107.49646086639
chr3R	19688643	19689075	0.0252	106.208649120991
chr3L	9314413	9314831	0.0253	106.094376097103
chr3R	8697335	8697612	0.0304	100.795697322117
chr3R	22108595	22108808	0.0307	100.512350683585
chrX	5280933	5281180	0.0328	98.6032074986273
chrX	22937105	22937373	0.0331	98.3404994548446
chrX	6410164	6410605	0.0346	97.0616830382545
chrX	1485236	1485560	0.0377	94.5858333256157
chr3L	15034128	15034353	0.038	94.35713542437
chr2R	18323433	18323683	0.0382	94.205671030274
chr2R	21475867	21476118	0.0397	93.0943436481298
chr3L	20819438	20819647	0.04	92.8771237954945
chr2L	13554759	13555066	0.0409	92.235106932154
chr3L	14905199	14905594	0.0423	91.26397052859
chr2R	20933538	20934016	0.0453	89.2869027900643
chr2L	7415445	7415696	0.0475	87.9185735266228
chr2R	13287696	13288184	0.0478	87.736911431374
chr2L	17973151	17973458	0.054	84.2179356499724
chr3R	19057553	19057747	0.0588	81.7608006942617
chr2L	10377093	10377239	0.0598	81.2742141070269
chrX	4860234	4860577	0.0603	81.0339637529873
chr2L	9907384	9907653	0.0607	80.8431934658753
chr3R	29611954	29612133	0.061	80.700938941984
chr3R	11507971	11508310	0.0628	79.8618326131565
chr2L	2595460	2595632	0.0636	79.4965884853019
chr2R	10522460	10522732	0.0646	79.0464404971105
chr2L	2497016	2497257	0.0661	78.3841183608351
chr2L	585166	585630	0.0662	78.3404994548446
chr2R	18172042	18172200	0.0673	77.8649936987827
chr2L	8686160	8686303	0.0687	77.270921814627
chr3L	11173882	11174141	0.0694	76.9784105394238
chrX	8536327	8536597	0.0726	75.677732831074
chr3L	18400035	18400502	0.0749	74.777809421814
chr2L	11752607	11752854	0.076	74.35713542437
chr2L	4750067	4750512	0.0777	73.7188318228348
chr3R	30928711	30928981	0.0801	72.8410789428148
chr2R	7048985	7049281	0.0865	70.6231211405073
chr3R	26241947	26242142	0.0917	68.9386891190879
chr2R	22854639	22854875	0.0954	67.7973384708788
chr3R	14519242	14519411	0.0954	67.7973384708788
chr3L	13793687	13793906	0.0956	67.736911431374
chr3R	10879250	10879464	0.0959	67.6465074906264
chr3R	18659527	18659652	0.0989	66.7577133758068
chr3L	3031784	3031974	0.0989	66.7577133758068
chr2L	2518938	2519674	0.00171	183.835759191018
chr2R	10574966	10575624	0.00195	180.046203213744
chr3L	22234221	22234690	0.00377	161.024395223363
chr3R	23803123	23803968	0.00405	158.957247533296
chr3R	28448954	28449499	0.0046	155.283008469849
chr3L	12690752	12691030	0.00476	154.296454222577
chrX	5145294	5145939	0.00532	151.087160778712
chr3R	9640204	9640630	0.00609	147.18684113061
chr2R	12977492	12977715	0.0071	142.759305200895
chr3R	18913712	18914124	0.00746	141.332173083631
chrX	7970984	7971339	0.00808	139.0285798337
chr3L	14942886	14943083	0.0117	128.346953199321
chr2R	22546517	22547053	0.0121	127.376982845497
chr3L	7863322	7863689	0.0129	125.529702482524
chr2R	12809007	12809394	0.0129	125.529702482524
chr3R	30293776	30294008	0.0162	118.957247533296
chr3L	12949838	12950278	0.0165	118.427803306073
chr3L	15534580	15534884	0.0169	117.736658865345
chr3R	26496066	26496451	0.0175	116.730025354342
chr2L	12944422	12944927	0.0177	116.402136589329
chrX	21432899	21433542	0.0198	113.167115189397
chr3R	7631427	7631874	0.0218	110.39056109545
chrX	13048521	13048948	0.0223	109.736249592583
chr2L	13098178	13098859	0.0226	109.350668342685
chr3L	15034730	15034886	0.0238	107.85789232483
chr3R	19836775	19837088	0.0253	106.094376097103
chr2L	18343281	18343692	0.0309	100.324987032902
chr3R	12866003	12866278	0.031	100.231759485504
chr2L	17722306	17722724	0.0313	99.9538706523366
chr2R	19976280	19976677	0.0323	99.0464404971105
chr2L	10635154	10635517	0.0354	96.402136589329
chrX	18522720	18523243	0.0354	96.402136589329
chr3L	6988891	6989181	0.0361	95.8371470532456
chr3R	14406857	14407287	0.0369	95.2047074697811
chr3R	26595241	26595529	0.0376	94.6624705574362
chr3L	11325463	11325800	0.0377	94.5858333256157
chr2L	1672274	1672707	0.0383	94.1302359524899
chr2R	15662217	15662961	0.0443	89.9309898198886
chr3L	14194201	14194542	0.0449	89.542814896166
chrX	2912335	2912687	0.045	89.4786237666482
chr3R	25376695	25376958	0.0469	88.2853653406815
chr2L	12349859	12350124	0.0496	86.6703213832515
chr2R	12973000	12973336	0.0509	85.9238106694751
chr3R	8427691	8427912	0.051	85.8671788538118
chr2R	23455275	23455757	0.0514	85.6417566071114
chrX	11016286	11016606	0.0517	85.4738381846903
chr3R	7676831	7677358	0.0523	85.1409048660501
chrX	6373917	6374279	0.0523	85.1409048660501
chr3R	15573248	15573866	0.0537	84.3786820312807
chr2R	12219088	12219247	0.0656	78.6032074986273
chr2L	16602488	16602627	0.0661	78.3841183608351
chr3R	26568379	26568624	0.0665	78.2100369832179
chr3R	26745653	26745919	0.0697	76.8539506736205
chr2L	19136303	19136679	0.0742	75.0487400585729
chrX	16508005	16508229	0.0751	74.7008656407036
chrX	12355077	12355449	0.0756	74.5093991065675
chr3L	1123519	1123789	0.0773	73.867755512492
chr2R	24678472	24678827	0.0776	73.7559907472464
chr2L	5649461	5649839	0.0822	72.0943559173553
chrX	6344762	6344874	0.0887	69.8984417049677
chr3R	20008892	20009008	0.089	69.8010170739138
chr3L	10471459	10471749	0.0897	69.5749640926038
chr2L	1388077	1388557	0.0967	67.4068060014522
chr3L	14689261	14689528	0.0975	67.1690794182495
chr3R	14385968	14386093	0.0993	66.6412494404215
chr2L	6830015	6830185	0.0996	66.5542089496274
chr2R	13772965	13773250	0.0996	66.5542089496274
chrX	1542565	1543356	0.0014	189.607149149837
chr3L	17961676	17961960	0.00148	188.003742176157
chr3L	15593270	15593742	0.00343	163.75151416528
chr2R	15449119	15449817	0.00352	163.00417711599
chr3R	11121742	11122436	0.00419	157.976680814749
chr3L	2625971	2626513	0.00497	153.05076865749
chr3L	11123181	11123438	0.00532	151.087160778712
chr2R	18687036	18687280	0.0061	147.139500839731
chr2R	15390167	15390496	0.00733	141.83942172606
chr2R	17296957	17297469	0.00902	135.853137023629
chr2R	15719889	15720472	0.0091	135.598354787015
chr2L	16122232	16122724	0.00967	133.845367899199
chr3L	21177275	21177750	0.00987	133.254683999608
chr3R	7296843	7297885	0.0104	131.745453228167
chr3R	12580317	12580765	0.0107	130.924907862966
chr3R	8857637	8858074	0.0113	129.350668342685
chrX	18512342	18512675	0.0122	127.139500839731
chr2L	2537829	2538246	0.0123	126.903957484204
chrX	19851311	19851593	0.0129	125.529702482524
chr4	625965	626253	0.0157	119.861832613156
chr2R	20796619	20797338	0.0169	117.736658865345
chr2R	16736514	16736768	0.0174	116.895377674014
chr3R	17525736	17526147	0.0179	116.077932045704
chr3L	1188860	1189129	0.0185	115.126618380663
chrX	1700181	1700684	0.0187	114.816358393236
chr2L	9634047	9634488	0.0193	113.905106845627
chr3R	9033625	9033861	0.0199	113.021755180116
chr2R	18314586	18315092	0.0212	111.195838499725
chr3L	634460	634677	0.0214	110.924907862966
chr3L	3749465	3749797	0.022	110.127053320496
chr3L	6006027	6006695	0.0225	109.478623766648
chr2R	25076986	25077163	0.0241	107.49646086639
chr2R	20492283	20492742	0.0254	105.980553855546
chr2L	12950949	12951409	0.0265	104.757276601978
chr2L	14688459	14688773	0.0288	102.355747562143
chr2L	21789174	21789770	0.0289	102.255733940975
chr3L	19124863	19125308	0.0295	101.662824706005
chr2R	6675740	6675886	0.0298	101.370877181746
chr2L	3507217	3507523	0.0319	99.4059953156916
chr3R	5694337	5694574	0.0346	97.0616830382545
chrX	7294483	7294804	0.0353	96.4837601255654
chr2L	11537306	11537677	0.0366	95.4402508253081
chr2L	5687537	5687906	0.038	94.35713542437
chr3L	3819083	3819195	0.0386	93.9051068456274
chr2R	25010992	25011175	0.0389	93.6817206912652
chr3R	25763564	25764005	0.0407	92.376547905664
chr2L	18467658	18467806	0.0451	89.4145751258814
chr2L	8685766	8686009	0.0452	89.3506683426852
chr3L	4633558	4633919	0.0455	89.1597928892678
chr3R	11010268	11010608	0.0461	88.7817887824022
chr3R	19960996	19961301	0.0475	87.9185735266228
chr3L	4972202	4972457	0.0477	87.7973384708788
chr2L	20945013	20945357	0.049	87.0214888109376
chrX	2765464	2765830	0.0503	86.2659557948784
chr3L	11292238	11292593	0.051	85.8671788538118
chr3R	16413856	16414055	0.0525	85.0307753399193
chrX	3440546	3440883	0.054	84.2179356499724
chrX	22711775	22712062	0.057	82.6578854099469
chr3R	5946281	5946469	0.0576	82.3557475621428
chr3R	30149579	30149805	0.0578	82.2557339409754
chr3L	1365995	1366289	0.0585	81.9083913015736
chr2L	3975570	3975930	0.0617	80.3717140080006
chrX	7490018	7490376	0.0624	80.046203213744
chr3L	15450661	15450989	0.0638	79.4059953156916
chrX	17177689	17178012	0.0648	78.9572475332965
chr3R	16656253	16656445	0.0698	76.8125830667959
chr3R	20049135	20049346	0.0703	76.6066300095383
chrX	8265415	8265527	0.0724	75.7573298493249
chr3R	28358696	28359107	0.073	75.5191945156414
chr3L	4469098	4469318	0.0734	75.3615225341247
chrX	5805497	5805795	0.0737	75.2438314090876
chr2L	17484209	17484354	0.074	75.1266183806627
chr2R	13093635	13093995	0.0741	75.0876529448723
chrX	18930147	18930515	0.0762	74.2813038411225
chr2R	23079191	23079363	0.0786	73.3865375458169
chr2R	11188876	11189238	0.08	72.8771237954945
chr3R	21850432	21850602	0.0818	72.235106932154
chr2R	12550417	12550713	0.0823	72.0592751825565
chr2L	15807589	15807817	0.0834	71.6761761220957
chr2L	20470863	20471344	0.086	70.7903905991998
chr3L	16060040	16060221	0.089	69.8010170739138
chr2R	21459706	21459913	0.0897	69.5749640926038
chr2L	12932822	12933104	0.0902	69.4145751258814
chrX	18409629	18409813	0.0911	69.128102714948
chr2R	8724825	8724993	0.0912	69.0964473076942
chrX	1240099	1240217	0.0927	68.6257370184784
chr3R	20678535	20678870	0.0939	68.2546206379135
chr2R	15151020	15151228	0.0951	67.8882169737777
chrX	761871	762066	0.0978	67.0804344919443
chr3L	22638296	22638479	0.0993	66.6412494404215
